{"nbformat":4,"nbformat_minor":0,"metadata":{"colab":{"provenance":[],"authorship_tag":"ABX9TyMZrHLOEBK3Z4v9bm3NF3YC"},"kernelspec":{"name":"python3","display_name":"Python 3"},"language_info":{"name":"python"}},"cells":[{"cell_type":"markdown","source":["\n","\n","***Summarization*** adalah suatu cara untuk meringkas suatu dokumen ke dalam bentuk yang lebih sederhana dengan mengambil poin-poin penting dalam dokumen tersebut.\n","\n","Secara umum, pendekatan news summarization dibagi menjadi dua, yaitu extractive dan abstractive. Extractive summarization berarti mengidentifikasi bagian-bagian penting dari teks dan membuat kalimat dari kata-kata tersebut. Sementara abstractive summarization mereproduksi materi penting dengan cara baru setelah melakukan interpretasi dan memeriksa teks menggunakan NLP untuk membuat kalimat baru yang berasal dari dokumen aslinya.\n","\n","\n"],"metadata":{"id":"fK_6vOtpdVzD"}},{"cell_type":"markdown","source":["***TextRank*** adalah algoritma peringkat berbasis grafik untuk memproses teks. TextRank menghasilkan ekstraksi kalimat sebagai ringkasan. Salah satu kelebihan dari algoritma ini, tidak diperlukannya pelatihan menggunakan data training pada algoritma yang digunakan."],"metadata":{"id":"LyIsvCwJdXEM"}},{"cell_type":"markdown","source":["**Langkah pertama adalah meng-import library yang diperlukan**"],"metadata":{"id":"fQirq54EdbeH"}},{"cell_type":"code","execution_count":null,"metadata":{"id":"7YJKlp-8-qUu"},"outputs":[],"source":["import numpy as np\n","import pandas as pd\n","import nltk\n","import re\n","from nltk.tokenize import sent_tokenize\n","from nltk.corpus import stopwords\n","from gensim.models import Word2Vec\n","from scipy import spatial\n","import networkx as nx"]},{"cell_type":"markdown","source":["**Teks berita yang digunakan**"],"metadata":{"id":"xwAyWR5Hdhh-"}},{"cell_type":"code","source":["text='''The Double Asteroid Redirection Test successfully changed the trajectory of the asteroid Dimorphos when the NASA spacecraft intentionally slammed into the space rock on September 26, according to the agency. The DART mission, a full-scale demonstration of deflection technology, was the world’s first conducted on behalf of planetary defense. The mission was also the first time humanity intentionally changed the motion of a celestial object in space. Prior to impact, it took Dimorphos 11 hours and 55 minutes to orbit its larger parent asteroid Didymos. Astronomers used ground-based telescopes to measure how Dimorphos’ orbit changed after impact. Now, it takes Dimorphos 11 hours and 23 minutes to circle Didymos. The DART spacecraft changed the moonlet asteroid’s orbit by 32 minutes. Initially, astronomers expected DART to be a success if it shortened the trajectory by 10 minutes. “All of us have a responsibility to protect our home planet. After all, it’s the only one we have,” said NASA Administrator Bill Nelson. “This mission shows that NASA is trying to be ready for whatever the universe throws at us. NASA has proven we are serious as a defender of the planet. This is a watershed moment for planetary defense and all of humanity, demonstrating commitment from NASA’s exceptional team and partners from around the world.”'''"],"metadata":{"id":"oyfw8CIa-3zT"},"execution_count":null,"outputs":[]},{"cell_type":"code","source":["import nltk\n","nltk.download('punkt')\n","from nltk import sent_tokenize"],"metadata":{"colab":{"base_uri":"https://localhost:8080/"},"id":"khtgsOe3_P1N","executionInfo":{"status":"ok","timestamp":1665535568160,"user_tz":-420,"elapsed":16,"user":{"displayName":"19-033 Mohammad Al-Fayed Mada Fauzi","userId":"00151464359847068389"}},"outputId":"005db21a-d2d1-49fd-e413-480477e156e0"},"execution_count":null,"outputs":[{"output_type":"stream","name":"stderr","text":["[nltk_data] Downloading package punkt to /root/nltk_data...\n","[nltk_data]   Package punkt is already up-to-date!\n"]}]},{"cell_type":"markdown","source":["**Tokenizing paragraph ke bentuk list sentences**"],"metadata":{"id":"k3ggsAoidyxI"}},{"cell_type":"code","source":["sentences=sent_tokenize(text)\n","print(sentences)"],"metadata":{"id":"JWE7oYLH-779","colab":{"base_uri":"https://localhost:8080/"},"executionInfo":{"status":"ok","timestamp":1665535587398,"user_tz":-420,"elapsed":525,"user":{"displayName":"19-033 Mohammad Al-Fayed Mada Fauzi","userId":"00151464359847068389"}},"outputId":"86f63f83-cc7e-4dfd-8326-c0abce7700e1"},"execution_count":null,"outputs":[{"output_type":"stream","name":"stdout","text":["['The Double Asteroid Redirection Test successfully changed the trajectory of the asteroid Dimorphos when the NASA spacecraft intentionally slammed into the space rock on September 26, according to the agency.', 'The DART mission, a full-scale demonstration of deflection technology, was the world’s first conducted on behalf of planetary defense.', 'The mission was also the first time humanity intentionally changed the motion of a celestial object in space.', 'Prior to impact, it took Dimorphos 11 hours and 55 minutes to orbit its larger parent asteroid Didymos.', 'Astronomers used ground-based telescopes to measure how Dimorphos’ orbit changed after impact.', 'Now, it takes Dimorphos 11 hours and 23 minutes to circle Didymos.', 'The DART spacecraft changed the moonlet asteroid’s orbit by 32 minutes.', 'Initially, astronomers expected DART to be a success if it shortened the trajectory by 10 minutes.', '“All of us have a responsibility to protect our home planet.', 'After all, it’s the only one we have,” said NASA Administrator Bill Nelson.', '“This mission shows that NASA is trying to be ready for whatever the universe throws at us.', 'NASA has proven we are serious as a defender of the planet.', 'This is a watershed moment for planetary defense and all of humanity, demonstrating commitment from NASA’s exceptional team and partners from around the world.”']\n"]}]},{"cell_type":"markdown","source":["**Tahap Preprocessing**"],"metadata":{"id":"SV8VTwLSd8Fy"}},{"cell_type":"code","source":["import nltk\n","nltk.download('stopwords')"],"metadata":{"colab":{"base_uri":"https://localhost:8080/"},"id":"-uRHfvr8_qgM","executionInfo":{"status":"ok","timestamp":1665535602898,"user_tz":-420,"elapsed":486,"user":{"displayName":"19-033 Mohammad Al-Fayed Mada Fauzi","userId":"00151464359847068389"}},"outputId":"1bb5abc0-268a-413a-956b-be8a4f10cbc9"},"execution_count":null,"outputs":[{"output_type":"stream","name":"stderr","text":["[nltk_data] Downloading package stopwords to /root/nltk_data...\n","[nltk_data]   Package stopwords is already up-to-date!\n"]},{"output_type":"execute_result","data":{"text/plain":["True"]},"metadata":{},"execution_count":18}]},{"cell_type":"markdown","source":["\n","\n","*   re.sub(r'[^\\w\\s]') menghapus semua tanda baca dari setiap kalimat menggunakan pemahaman daftar\n","*   Hapus stopwords (a, the, an, dll) untuk fokus pada kata-kata yang lebih signifikan dalam sebuah kalimat.\n","\n","\n"],"metadata":{"id":"BIuGk_hserQz"}},{"cell_type":"code","source":["sentences_clean=[re.sub(r'[^\\w\\s]','',sentence.lower()) for sentence in sentences]\n","stop_words = stopwords.words('english')\n","sentence_tokens=[[words for words in sentence.split(' ') if words not in stop_words] for sentence in sentences_clean]\n","print(sentence_tokens)"],"metadata":{"id":"FdXZ6fX1_eUB","colab":{"base_uri":"https://localhost:8080/"},"executionInfo":{"status":"ok","timestamp":1665535629082,"user_tz":-420,"elapsed":16,"user":{"displayName":"19-033 Mohammad Al-Fayed Mada Fauzi","userId":"00151464359847068389"}},"outputId":"86f1b427-348c-4f98-855f-c9d8d28ec095"},"execution_count":null,"outputs":[{"output_type":"stream","name":"stdout","text":["[['double', 'asteroid', 'redirection', 'test', 'successfully', 'changed', 'trajectory', 'asteroid', 'dimorphos', 'nasa', 'spacecraft', 'intentionally', 'slammed', 'space', 'rock', 'september', '26', 'according', 'agency'], ['dart', 'mission', 'fullscale', 'demonstration', 'deflection', 'technology', 'worlds', 'first', 'conducted', 'behalf', 'planetary', 'defense'], ['mission', 'also', 'first', 'time', 'humanity', 'intentionally', 'changed', 'motion', 'celestial', 'object', 'space'], ['prior', 'impact', 'took', 'dimorphos', '11', 'hours', '55', 'minutes', 'orbit', 'larger', 'parent', 'asteroid', 'didymos'], ['astronomers', 'used', 'groundbased', 'telescopes', 'measure', 'dimorphos', 'orbit', 'changed', 'impact'], ['takes', 'dimorphos', '11', 'hours', '23', 'minutes', 'circle', 'didymos'], ['dart', 'spacecraft', 'changed', 'moonlet', 'asteroids', 'orbit', '32', 'minutes'], ['initially', 'astronomers', 'expected', 'dart', 'success', 'shortened', 'trajectory', '10', 'minutes'], ['us', 'responsibility', 'protect', 'home', 'planet'], ['one', 'said', 'nasa', 'administrator', 'bill', 'nelson'], ['mission', 'shows', 'nasa', 'trying', 'ready', 'whatever', 'universe', 'throws', 'us'], ['nasa', 'proven', 'serious', 'defender', 'planet'], ['watershed', 'moment', 'planetary', 'defense', 'humanity', 'demonstrating', 'commitment', 'nasas', 'exceptional', 'team', 'partners', 'around', 'world']]\n"]}]},{"cell_type":"markdown","source":["Seperti yang kita ketahui kita perlu mengkonversi data teks ke dalam bentuk numerik, pertama kita akan menghitung penyisipan kata & menggunakan penyematan ini akan menghitung penyisipan kalimat menggunakan variabel sentence_tokens yang dihitung di atas."],"metadata":{"id":"2VZb-rQwee3V"}},{"cell_type":"markdown","source":["- Menggunakan Word2Vec() gensim, menghitung embedding untuk setiap kata dari teks.\n","- Menggunakan pemahaman daftar, kami akan mengganti token kata dengan penyematannya di kalimat_tokens\n","- Menghitung max_length kalimat dalam teks yang ada\n","- Penyematan kalimat padding menggunakan 0s hingga max_len. Ini telah dilakukan untuk mempertahankan ukuran embedding yang sama untuk setiap kalimat."],"metadata":{"id":"I_CKLuy1e2xS"}},{"cell_type":"code","source":["w2v=Word2Vec(sentence_tokens,size=1,min_count=1,iter=1000)\n","sentence_embeddings=[[w2v[word][0] for word in words] for words in sentence_tokens]\n","max_len=max([len(tokens) for tokens in sentence_tokens])\n","sentence_embeddings=[np.pad(embedding,(0,max_len-len(embedding)),'constant') for embedding in sentence_embeddings]\n","print(sentence_embeddings)"],"metadata":{"colab":{"base_uri":"https://localhost:8080/"},"id":"LPzytANX_th9","executionInfo":{"status":"ok","timestamp":1665535653461,"user_tz":-420,"elapsed":1634,"user":{"displayName":"19-033 Mohammad Al-Fayed Mada Fauzi","userId":"00151464359847068389"}},"outputId":"c188683b-95d7-41e2-e236-cc9c732a799f"},"execution_count":null,"outputs":[{"output_type":"stream","name":"stderr","text":["WARNING:gensim.models.base_any2vec:consider setting layer size to a multiple of 4 for greater performance\n"]},{"output_type":"stream","name":"stdout","text":["[array([-1.3774105, -1.5648252, -1.4396875, -1.4545798, -1.4218374,\n","       -1.5217278, -1.5086281, -1.5648252, -1.5196548, -1.6093941,\n","       -1.4879727, -1.5637304, -1.4247156, -1.6206998, -1.5261114,\n","       -1.6321287, -1.6664679, -1.6027577, -1.6043236], dtype=float32), array([-1.58468  , -1.6650534, -1.5069708, -1.683015 , -1.6686802,\n","       -1.7436057, -1.6813625, -1.6704615, -1.6362563, -1.7113441,\n","       -1.803447 , -1.7605822,  0.       ,  0.       ,  0.       ,\n","        0.       ,  0.       ,  0.       ,  0.       ], dtype=float32), array([-1.6650534, -1.4216933, -1.6704615, -1.4764392, -1.6757175,\n","       -1.5637304, -1.5217278, -1.4476883, -1.4730337, -1.5155343,\n","       -1.6206998,  0.       ,  0.       ,  0.       ,  0.       ,\n","        0.       ,  0.       ,  0.       ,  0.       ], dtype=float32), array([-1.3958535, -1.4649928, -1.4221333, -1.5196548, -1.5319772,\n","       -1.5061108, -1.3955861, -1.492912 , -1.4730704, -1.392894 ,\n","       -1.340811 , -1.5648252, -1.5237055,  0.       ,  0.       ,\n","        0.       ,  0.       ,  0.       ,  0.       ], dtype=float32), array([-1.5814896, -1.4428653, -1.371707 , -1.3803567, -1.3747181,\n","       -1.5196548, -1.4730704, -1.5217278, -1.4649928,  0.       ,\n","        0.       ,  0.       ,  0.       ,  0.       ,  0.       ,\n","        0.       ,  0.       ,  0.       ,  0.       ], dtype=float32), array([-1.3918254, -1.5196548, -1.5319772, -1.5061108, -1.3634053,\n","       -1.492912 , -1.4082654, -1.5237055,  0.       ,  0.       ,\n","        0.       ,  0.       ,  0.       ,  0.       ,  0.       ,\n","        0.       ,  0.       ,  0.       ,  0.       ], dtype=float32), array([-1.58468  , -1.4879727, -1.5217278, -1.2968907, -1.3608906,\n","       -1.4730704, -1.2623972, -1.492912 ,  0.       ,  0.       ,\n","        0.       ,  0.       ,  0.       ,  0.       ,  0.       ,\n","        0.       ,  0.       ,  0.       ,  0.       ], dtype=float32), array([-1.4318728, -1.5814896, -1.4313376, -1.58468  , -1.5335169,\n","       -1.4666139, -1.5086281, -1.4395148, -1.492912 ,  0.       ,\n","        0.       ,  0.       ,  0.       ,  0.       ,  0.       ,\n","        0.       ,  0.       ,  0.       ,  0.       ], dtype=float32), array([-1.6201911, -1.5008653, -1.4381673, -1.4422992, -1.4886434,\n","        0.       ,  0.       ,  0.       ,  0.       ,  0.       ,\n","        0.       ,  0.       ,  0.       ,  0.       ,  0.       ,\n","        0.       ,  0.       ,  0.       ,  0.       ], dtype=float32), array([-1.4679084, -1.4957372, -1.6093941, -1.48746  , -1.5856957,\n","       -1.5226629,  0.       ,  0.       ,  0.       ,  0.       ,\n","        0.       ,  0.       ,  0.       ,  0.       ,  0.       ,\n","        0.       ,  0.       ,  0.       ,  0.       ], dtype=float32), array([-1.6650534, -1.536463 , -1.6093941, -1.6015449, -1.6176062,\n","       -1.6965835, -1.6068261, -1.6508172, -1.6201911,  0.       ,\n","        0.       ,  0.       ,  0.       ,  0.       ,  0.       ,\n","        0.       ,  0.       ,  0.       ,  0.       ], dtype=float32), array([-1.6093941, -1.327922 , -1.3847257, -1.3160945, -1.4886434,\n","        0.       ,  0.       ,  0.       ,  0.       ,  0.       ,\n","        0.       ,  0.       ,  0.       ,  0.       ,  0.       ,\n","        0.       ,  0.       ,  0.       ,  0.       ], dtype=float32), array([-1.6047149, -1.730677 , -1.803447 , -1.7605822, -1.6757175,\n","       -1.7299736, -1.7176455, -1.7647606, -1.7267185, -1.7703792,\n","       -1.9271814, -1.7647415, -1.7104434,  0.       ,  0.       ,\n","        0.       ,  0.       ,  0.       ,  0.       ], dtype=float32)]\n"]},{"output_type":"stream","name":"stderr","text":["/usr/local/lib/python3.7/dist-packages/ipykernel_launcher.py:2: DeprecationWarning: Call to deprecated `__getitem__` (Method will be removed in 4.0.0, use self.wv.__getitem__() instead).\n","  \n"]}]},{"cell_type":"markdown","source":["**calculate the similarity matrix**\n","\n","\n","> Inisialisasi kesamaan_matriks dimensi N x N di mana N adalah jumlah total kalimat dalam teks\n","\n","> Menggunakan 1-spatial.distance.cosine(), hitung kesamaan antara setiap dua pasang kalimat.\n","\n","\n","\n"],"metadata":{"id":"tqntHflCe5-h"}},{"cell_type":"code","source":["similarity_matrix = np.zeros([len(sentence_tokens), len(sentence_tokens)])\n","for i,row_embedding in enumerate(sentence_embeddings):\n","    for j,column_embedding in enumerate(sentence_embeddings):\n","        similarity_matrix[i][j]=1-spatial.distance.cosine(row_embedding,column_embedding)\n","print(similarity_matrix)"],"metadata":{"colab":{"base_uri":"https://localhost:8080/"},"id":"lr8gqLAi_1_u","executionInfo":{"status":"ok","timestamp":1665535673628,"user_tz":-420,"elapsed":1582,"user":{"displayName":"19-033 Mohammad Al-Fayed Mada Fauzi","userId":"00151464359847068389"}},"outputId":"d67d5a9c-10c3-4e47-da28-43c23cb3f306"},"execution_count":null,"outputs":[{"output_type":"stream","name":"stdout","text":["[[1.         0.77842277 0.73990798 0.80623448 0.66596884 0.62674886\n","  0.6247347  0.66628879 0.48455659 0.53557593 0.66616797 0.48269325\n","  0.8068682 ]\n"," [0.77842277 1.         0.94986784 0.95573455 0.85033149 0.80226189\n","  0.79970229 0.85097426 0.62316644 0.69113314 0.85086727 0.62143332\n","  0.96138918]\n"," [0.73990798 0.94986784 1.         0.90760857 0.89940935 0.85212719\n","  0.85283911 0.89906245 0.68671745 0.7514078  0.90093911 0.68750477\n","  0.91812694]\n"," [0.80623448 0.95573455 0.90760857 1.         0.83176255 0.78460878\n","  0.78243357 0.83306611 0.61989808 0.68305069 0.83296162 0.61842948\n","  0.99759716]\n"," [0.66596884 0.85033149 0.89940935 0.83176255 1.         0.94004345\n","  0.94033813 0.99717361 0.73086035 0.80639416 0.99925023 0.72986954\n","  0.81961304]\n"," [0.62674886 0.80226189 0.85212719 0.78460878 0.94004345 1.\n","  0.99711019 0.94154871 0.78555882 0.86498463 0.94156569 0.78253978\n","  0.77424937]\n"," [0.6247347  0.79970229 0.85283911 0.78243357 0.94033813 0.99711019\n","  1.         0.93804789 0.79763031 0.87446266 0.94060868 0.79668343\n","  0.77158737]\n"," [0.66628879 0.85097426 0.89906245 0.83306611 0.99717361 0.94154871\n","  0.93804789 1.         0.75138068 0.81957221 0.99823719 0.74873012\n","  0.82067025]\n"," [0.48455659 0.62316644 0.68671745 0.61989808 0.73086035 0.78555882\n","  0.79763031 0.75138068 1.         0.9112705  0.7371403  0.99886131\n","  0.60738724]\n"," [0.53557593 0.69113314 0.7514078  0.68305069 0.80639416 0.86498463\n","  0.87446266 0.81957221 0.9112705  1.         0.81489307 0.91000599\n","  0.66805583]\n"," [0.66616797 0.85086727 0.90093911 0.83296162 0.99925023 0.94156569\n","  0.94060868 0.99823719 0.7371403  0.81489307 1.         0.73642713\n","  0.82072908]\n"," [0.48269325 0.62143332 0.68750477 0.61842948 0.72986954 0.78253978\n","  0.79668343 0.74873012 0.99886131 0.91000599 0.73642713 1.\n","  0.60551262]\n"," [0.8068682  0.96138918 0.91812694 0.99759716 0.81961304 0.77424937\n","  0.77158737 0.82067025 0.60738724 0.66805583 0.82072908 0.60551262\n","  1.        ]]\n"]}]},{"cell_type":"markdown","source":["**implement PageRank**\n","\n","\n","> Convert the similarity matrix to a network/graph\n","\n","\n","> Apply pagerank()\n","\n","\n","\n"],"metadata":{"id":"PN7JwMIvfPQh"}},{"cell_type":"code","source":["nx_graph = nx.from_numpy_array(similarity_matrix)\n","scores = nx.pagerank(nx_graph)\n","print(scores)"],"metadata":{"colab":{"base_uri":"https://localhost:8080/"},"id":"l1LqtaMY_8BP","executionInfo":{"status":"ok","timestamp":1665535680279,"user_tz":-420,"elapsed":16,"user":{"displayName":"19-033 Mohammad Al-Fayed Mada Fauzi","userId":"00151464359847068389"}},"outputId":"c0cd4607-a9dd-4469-cb25-a2db72f84d55"},"execution_count":null,"outputs":[{"output_type":"stream","name":"stdout","text":["{0: 0.06648528095912415, 1: 0.07784784411812283, 2: 0.07975563663364352, 3: 0.07735306264708693, 4: 0.08075394198654515, 5: 0.08003775721426168, 6: 0.0801811591515655, 7: 0.08108974282846147, 8: 0.07171796050837635, 9: 0.07537486763119604, 10: 0.08093280912219844, 11: 0.07162080061892813, 12: 0.07684913658048982}\n"]}]},{"cell_type":"markdown","source":["Sekarang, yang akan kita lakukan adalah membuat kamus dengan kalimat (kita dapatkan setelah sent_tokenize()) sebagai kunci & PageRank mereka sebagai nilai & mengurutkan kamus ini berdasarkan PageRanks kalimat. Disini diambil 4 kalimat teratas untuk ringkasan:"],"metadata":{"id":"XzqyD5m6fe-W"}},{"cell_type":"code","source":["top_sentence={sentence:scores[index] for index,sentence in enumerate(sentences)}\n","top=dict(sorted(top_sentence.items(), key=lambda x: x[1], reverse=True)[:4])\n","print(top)"],"metadata":{"colab":{"base_uri":"https://localhost:8080/"},"id":"lX0lO0xMAEN5","executionInfo":{"status":"ok","timestamp":1665535686411,"user_tz":-420,"elapsed":1202,"user":{"displayName":"19-033 Mohammad Al-Fayed Mada Fauzi","userId":"00151464359847068389"}},"outputId":"9248d4c9-b8f3-49bc-8a94-3ae30b1a291f"},"execution_count":null,"outputs":[{"output_type":"stream","name":"stdout","text":["{'Initially, astronomers expected DART to be a success if it shortened the trajectory by 10 minutes.': 0.08108974282846147, '“This mission shows that NASA is trying to be ready for whatever the universe throws at us.': 0.08093280912219844, 'Astronomers used ground-based telescopes to measure how Dimorphos’ orbit changed after impact.': 0.08075394198654515, 'The DART spacecraft changed the moonlet asteroid’s orbit by 32 minutes.': 0.0801811591515655}\n"]}]},{"cell_type":"code","source":["for sent in sentences:\n","    if sent in top.keys():\n","        print(sent)"],"metadata":{"colab":{"base_uri":"https://localhost:8080/"},"id":"wuMVEIJBAHb1","executionInfo":{"status":"ok","timestamp":1665535751890,"user_tz":-420,"elapsed":21,"user":{"displayName":"19-033 Mohammad Al-Fayed Mada Fauzi","userId":"00151464359847068389"}},"outputId":"fd4a0bd1-0994-45f4-9b23-7b6130f44957"},"execution_count":null,"outputs":[{"output_type":"stream","name":"stdout","text":["Astronomers used ground-based telescopes to measure how Dimorphos’ orbit changed after impact.\n","The DART spacecraft changed the moonlet asteroid’s orbit by 32 minutes.\n","Initially, astronomers expected DART to be a success if it shortened the trajectory by 10 minutes.\n","“This mission shows that NASA is trying to be ready for whatever the universe throws at us.\n"]}]}]}